(.venv) PS C:\projetos\py_imputation\main> python moda.py

=== Base: wine ===

=== Base: image_segmentation ===

=== Base: pen_based_recognition ===

=== Base: student ===

=== Base: obesity ===

=== Base: bank_marketing ===

=== Base: balance_scale ===

=== Base: nursery ===

=== Base: car_evaluation ===

=== Resumo final (acurácia de imputação e classificador - baseline moda) ===
                                    imp_mode           clf_original            clf_mode            seed
                                        mean       std         mean       std      mean       std  mean       std
dataset               missing_frac
balance_scale         0.1           0.396124  0.042084     0.832447  0.015476  0.816312  0.023818  24.5  8.803408
                      0.2           0.427969  0.028265     0.832447  0.015476  0.785993  0.023569  24.5  8.803408
                      0.3           0.436387  0.024884     0.832447  0.015476  0.744149  0.029742  24.5  8.803408
bank_marketing        0.1           0.215529  0.006482     0.388536  0.003241  0.376229  0.003700  24.5  8.803408
                      0.2           0.215200  0.004551     0.388536  0.003241  0.351315  0.003469  24.5  8.803408
                      0.3           0.214827  0.004282     0.388536  0.003241  0.320522  0.003933  24.5  8.803408
car_evaluation        0.1           0.694167  0.042274     0.887604  0.010349  0.860116  0.011830  24.5  8.803408
                      0.2           0.697372  0.029581     0.887604  0.010349  0.831407  0.012215  24.5  8.803408
                      0.3           0.704604  0.024622     0.887604  0.010349  0.803661  0.013477  24.5  8.803408
image_segmentation    0.1           0.110973  0.010663     0.632709  0.015627  0.585927  0.023572  24.5  8.803408
                      0.2           0.117853  0.009549     0.632709  0.015627  0.519356  0.032696  24.5  8.803408
                      0.3           0.125292  0.005379     0.632709  0.015627  0.445629  0.038331  24.5  8.803408
nursery               0.1           0.328850  0.016957     0.930290  0.004007  0.875737  0.007811  24.5  8.803408
                      0.2           0.329438  0.010177     0.930290  0.004007  0.801406  0.015134  24.5  8.803408
                      0.3           0.328972  0.009975     0.930290  0.004007  0.711283  0.022847  24.5  8.803408
obesity               0.1           0.157596  0.024040     0.772608  0.011680  0.753260  0.011334  24.5  8.803408
                      0.2           0.161130  0.016017     0.772608  0.011680  0.708149  0.014025  24.5  8.803408
                      0.3           0.160497  0.014379     0.772608  0.011680  0.635174  0.014872  24.5  8.803408
pen_based_recognition 0.1           0.092068  0.006151     0.990944  0.001819  0.981666  0.002313  24.5  8.803408
                      0.2           0.094993  0.003550     0.990944  0.001819  0.935052  0.004557  24.5  8.803408
                      0.3           0.097530  0.002955     0.990944  0.001819  0.838245  0.007598  24.5  8.803408
student               0.1           0.153333  0.045710     0.141026  0.026313  0.142564  0.024664  24.5  8.803408
                      0.2           0.152222  0.031175     0.141026  0.026313  0.148889  0.022514  24.5  8.803408
                      0.3           0.145926  0.022362     0.141026  0.026313  0.149573  0.021551  24.5  8.803408
wine                  0.1           0.386111  0.144310     0.967901  0.020012  0.962963  0.021749  24.5  8.803408
                      0.2           0.420833  0.081407     0.967901  0.020012  0.946914  0.033950  24.5  8.803408
                      0.3           0.377477  0.079824     0.967901  0.020012  0.869136  0.063953  24.5  8.803408